603188 亚邦股份 日线 后复权
      日期	    开盘	    最高	    最低	    收盘	    成交量	    成交额
2014/09/09,24.59,29.51,24.59,29.51,187300,5512458.00
2014/09/10,32.46,32.46,32.46,32.46,84232,2734170.75
2014/09/11,35.71,35.71,35.71,35.71,107850,3851323.50
2014/09/12,39.28,39.28,39.28,39.28,488311,19180856.00
2014/09/15,43.21,43.21,41.00,43.21,45386109,1927586176.00
2014/09/16,42.00,43.68,41.50,43.43,25537897,1089012352.00
2014/09/17,43.56,46.66,42.80,42.83,24409896,1078938240.00
2014/09/18,41.59,42.26,40.78,41.08,16005352,661403264.00
2014/09/19,41.30,41.78,40.92,41.43,7942717,328910816.00
2014/09/22,41.28,41.28,39.81,40.15,9641462,388967232.00
2014/09/23,40.28,40.69,39.90,40.18,6585966,264610608.00
2014/09/24,40.15,41.36,39.91,40.56,7606100,308843840.00
2014/09/25,40.50,40.58,39.59,39.67,7562123,303309248.00
2014/09/26,39.44,39.49,38.70,38.91,5648718,220324128.00
2014/09/29,39.17,39.93,39.10,39.54,4131171,163462800.00
2014/09/30,39.70,40.27,39.56,40.12,4174047,166902288.00
2014/10/08,40.30,40.87,40.30,40.59,4874566,197699408.00
2014/10/09,40.73,40.73,39.90,40.39,4734028,190616016.00
2014/10/10,40.24,40.34,39.80,39.92,3583161,143540320.00
2014/10/13,39.70,40.20,39.20,40.15,3517348,139111312.00
2014/10/14,40.05,40.40,39.62,39.81,3281717,131453944.00
2014/10/15,39.75,39.98,39.32,39.83,3036349,120389504.00
2014/10/16,39.56,40.10,39.36,39.47,3089453,122753128.00
2014/10/17,39.41,41.48,39.36,41.18,10186581,413607360.00
2014/10/20,41.45,41.80,41.04,41.21,6534652,270427104.00
2014/10/21,41.12,42.58,41.05,42.02,9898444,416433440.00
2014/10/22,42.07,43.99,42.03,42.58,10590864,455559232.00
2014/10/23,42.74,43.43,41.66,41.70,7725174,328695904.00
2014/10/24,41.71,42.15,40.95,41.19,6055625,251344720.00
2014/10/27,41.01,41.01,40.00,40.40,3827582,155092688.00
2014/10/28,41.00,42.76,40.51,42.66,8509543,358007968.00
2014/10/29,43.00,43.52,42.60,42.80,9592015,412486464.00
2014/10/30,42.78,43.93,42.60,43.10,8573326,371117504.00
2014/10/31,43.90,47.38,43.66,46.82,16206008,745736064.00
2014/11/03,46.47,48.75,46.30,46.81,12592797,599501120.00
2014/11/04,46.85,48.30,46.32,47.96,8915721,422302880.00
2014/11/05,47.50,48.50,46.80,47.46,6687363,318036128.00
2014/11/06,47.31,48.98,47.03,48.60,8651702,416656256.00
2014/11/07,48.61,49.96,46.45,46.74,13035286,629173248.00
2014/11/10,46.66,47.92,46.62,47.68,6619300,313098752.00
2014/11/11,47.91,47.96,45.62,45.66,8559586,399058944.00
2014/11/12,45.50,49.93,45.41,49.21,12068796,577160832.00
2014/11/13,48.48,51.33,47.82,49.97,14583661,727448576.00
2014/11/14,49.29,49.97,46.65,48.03,9377225,452687424.00
2014/11/17,47.80,50.30,46.99,49.24,7699113,378621536.00
2014/11/18,49.43,50.65,49.00,50.47,7777126,388779840.00
2014/11/19,50.35,50.86,48.80,49.54,6763810,336362176.00
2014/11/20,48.99,49.65,48.61,48.91,4639165,227546592.00
2014/11/21,48.78,49.95,48.78,49.40,5681910,280832896.00
2014/11/24,49.70,50.26,48.80,49.22,6526406,322756704.00
2014/11/25,49.25,49.25,47.30,47.95,7227068,347622560.00
2014/11/26,48.05,48.53,47.50,48.24,4090794,196426720.00
2014/11/27,48.70,49.77,48.42,48.96,5695454,279481536.00
2014/11/28,49.15,49.15,47.52,48.02,5531473,266306160.00
2014/12/01,47.80,48.00,46.96,47.64,4528440,214722208.00
2014/12/02,47.80,49.55,47.57,48.79,6821596,333510464.00
2014/12/03,48.80,49.28,47.80,49.17,6086346,295389120.00
2014/12/04,49.43,49.69,48.70,48.79,5728159,280399328.00
2014/12/05,48.45,48.70,46.98,47.16,6270545,298476928.00
2014/12/08,46.80,47.72,46.33,46.90,4237400,198825600.00
2014/12/09,46.76,46.76,43.62,43.71,7827417,352667424.00
2014/12/10,43.60,45.08,43.30,44.68,3509517,156099888.00
2014/12/11,44.40,45.55,44.25,45.34,3045239,137538384.00
2014/12/12,45.30,45.80,44.67,45.66,2696167,121563960.00
2014/12/15,45.47,46.20,45.02,45.94,2838369,130042872.00
2014/12/16,45.71,46.00,44.88,44.89,3244299,146589744.00
2014/12/17,44.52,44.58,42.80,42.95,5902289,256633040.00
2014/12/18,43.00,43.79,42.96,43.17,2864318,124104760.00
2014/12/19,43.14,43.15,40.70,41.52,4493349,186636640.00
2014/12/22,41.33,41.33,39.50,39.88,3293005,131536544.00
2014/12/23,39.88,41.80,39.87,41.57,3399220,140235088.00
2014/12/24,42.01,43.99,41.88,43.61,4799694,206746704.00
2014/12/25,43.30,43.51,42.54,43.37,3238621,139356112.00
2014/12/26,43.18,44.13,42.78,43.77,2729869,118790720.00
2014/12/29,43.66,43.66,42.68,42.73,2372280,102182288.00
2014/12/30,42.81,43.10,41.50,41.69,2163749,90904432.00
2014/12/31,41.50,42.25,41.46,42.03,1688940,70746312.00
2015/01/05,41.90,43.48,40.90,42.74,3435910,145446640.00
2015/01/06,42.49,43.88,42.01,43.83,4058299,175738112.00
2015/01/07,43.81,43.81,42.71,43.08,2752322,118832872.00
2015/01/08,42.80,45.83,42.64,45.25,6499055,288663744.00
2015/01/09,44.65,45.88,44.00,44.04,6243424,281333504.00
2015/01/12,43.70,45.98,43.65,45.91,6731857,304013728.00
2015/01/13,45.91,45.96,44.90,45.46,4390857,199170416.00
2015/01/14,45.42,45.88,43.90,43.99,3757210,167334448.00
2015/01/15,43.82,44.47,43.50,43.92,2650460,116139048.00
2015/01/16,43.83,45.50,43.78,44.60,3312609,148144720.00
2015/01/19,44.00,45.80,42.30,43.19,4887000,216813472.00
2015/01/20,44.39,47.33,44.37,47.01,8909902,409234752.00
2015/01/21,46.90,47.98,46.71,47.53,6846930,323786592.00
2015/01/22,47.53,47.53,46.88,47.22,3346576,157783792.00
2015/01/23,47.54,48.80,47.33,47.78,6099180,293413408.00
2015/01/26,47.71,49.28,47.71,48.67,4598976,223363296.00
2015/01/27,48.80,48.84,47.00,47.52,4453326,212465856.00
2015/01/28,47.11,47.18,46.53,46.82,2856922,133867504.00
2015/01/29,46.50,47.35,46.20,46.89,2029094,95102976.00
2015/01/30,46.82,47.28,46.01,46.09,1754711,81742600.00
2015/02/02,45.78,45.99,45.24,45.39,1652679,75389008.00
2015/02/03,45.50,46.46,45.39,46.39,2117176,97297560.00
2015/02/04,46.50,46.65,45.05,45.07,3207720,146374096.00
2015/02/05,45.51,45.80,44.75,45.02,2320232,104873592.00
2015/02/06,44.95,44.95,43.65,43.71,2210020,97620368.00
2015/02/09,43.40,44.20,43.35,43.75,1028585,45200228.00
2015/02/10,43.62,44.07,43.53,43.96,1371497,60020148.00
2015/02/11,43.98,44.20,43.79,43.96,1671270,73498616.00
2015/02/12,43.96,46.32,43.96,45.63,3541316,160016368.00
2015/02/13,45.83,46.30,45.50,45.87,3125920,143838704.00
2015/02/16,45.92,47.18,45.92,46.78,2675832,125262376.00
2015/02/17,46.75,47.08,46.18,46.98,2342587,109083208.00
2015/02/25,47.15,47.29,46.09,46.10,1897179,88206216.00
2015/02/26,46.15,47.08,45.80,46.92,1970874,91749256.00
2015/02/27,46.95,47.00,46.57,46.70,1748776,81696104.00
2015/03/02,46.97,47.94,46.80,47.84,3360148,159111248.00
2015/03/03,47.55,48.59,47.16,47.31,4622398,221664592.00
2015/03/04,47.20,47.57,46.92,47.41,2392115,112984400.00
2015/03/05,47.20,47.38,46.50,47.28,2548994,119508472.00
2015/03/06,47.71,50.85,47.33,50.52,7525008,369446016.00
2015/03/09,50.51,52.44,50.07,50.76,6367487,325526624.00
2015/03/10,50.85,52.16,50.22,51.38,4373128,224859840.00
2015/03/11,51.00,51.34,49.80,50.15,3473648,175220464.00
2015/03/12,50.06,53.98,50.05,52.33,6330327,331347072.00
2015/03/13,52.96,53.97,51.85,52.80,3602277,189926176.00
2015/03/16,53.00,53.60,52.78,53.53,3886420,206897328.00
2015/03/17,53.55,54.96,53.03,54.72,5050471,272609120.00
2015/03/18,54.93,56.98,54.42,56.47,4640717,260256640.00
2015/03/19,56.38,57.85,55.60,57.64,5052890,286084352.00
2015/03/20,57.11,58.48,56.20,58.12,3668494,211933984.00
2015/03/23,58.31,63.63,58.31,62.30,6328089,388969664.00
2015/03/24,61.90,67.50,61.02,67.32,9881758,636634176.00
2015/03/25,69.06,71.88,65.65,65.79,15898217,1087419904.00
2015/03/26,65.80,65.95,61.88,61.99,10092704,636072704.00
2015/03/27,61.70,62.97,61.58,62.34,4863414,303059520.00
2015/03/30,62.21,63.58,61.79,62.10,5512366,343968992.00
2015/03/31,62.11,62.53,61.41,61.88,4709624,291790752.00
2015/04/01,61.80,65.59,61.52,64.53,7321048,468786048.00
2015/04/02,64.75,66.50,63.80,65.04,5195777,338372576.00
2015/04/03,64.70,65.67,64.02,65.57,5418322,353323360.00
2015/04/07,66.16,69.97,66.12,69.89,7357417,505244128.00
2015/04/08,71.02,71.85,67.07,68.54,7129992,492607328.00
2015/04/09,68.99,69.34,64.78,67.97,5727934,383236896.00
2015/04/10,67.58,69.79,67.02,69.14,5035065,347195232.00
2015/04/13,69.70,70.70,68.72,69.30,5237070,365305504.00
2015/04/14,69.32,69.50,66.88,67.31,5056087,342454560.00
2015/04/15,67.27,67.27,63.60,63.69,4761322,310588320.00
2015/04/16,62.52,65.46,61.87,64.38,3572324,228391792.00
2015/04/17,65.41,66.29,64.51,65.56,3673095,240144192.00
2015/04/20,65.45,65.51,62.80,63.41,3881709,248590448.00
2015/04/21,63.30,67.27,63.20,66.88,3994012,261842704.00
2015/04/22,67.25,69.65,67.25,67.94,4703739,321543296.00
2015/04/23,67.96,67.99,66.00,66.72,3966267,264836736.00
2015/04/24,65.42,65.85,64.38,65.30,3512065,228581456.00
2015/04/27,65.78,67.55,65.23,66.49,3926492,260288080.00
2015/04/28,66.22,66.22,63.00,63.32,4867296,312817664.00
2015/04/29,63.43,65.08,63.43,64.35,2698962,173531520.00
2015/04/30,66.20,67.00,65.36,66.29,4734485,314255648.00
2015/05/04,67.03,70.50,66.11,70.00,6473736,445467104.00
2015/05/05,70.10,70.10,66.78,67.24,4807176,326226304.00
2015/05/06,67.25,69.50,67.25,68.28,4946298,339194560.00
2015/05/07,68.53,68.98,64.88,65.90,4223516,278949664.00
2015/05/08,67.00,68.36,64.36,65.38,4705312,152367120.00
2015/05/11,65.00,67.94,62.56,67.82,16609767,535056032.00
2015/05/12,67.60,73.56,66.82,72.38,19881247,679314944.00
2015/05/13,71.00,73.80,70.02,70.66,15250997,539714304.00
2015/05/14,70.30,71.98,69.60,70.12,9757986,338767680.00
2015/05/15,70.78,70.98,68.00,69.08,10143310,345646496.00
2015/05/18,68.82,72.98,67.80,72.86,17350525,609264512.00
2015/05/19,73.40,76.60,72.78,73.18,16843630,616117440.00
2015/05/20,73.76,76.00,73.00,73.46,15466007,570862912.00
2015/05/21,73.48,76.32,72.62,75.76,14081970,521597600.00
2015/05/22,77.16,77.80,73.80,75.80,13946016,519430560.00
2015/05/25,74.66,79.90,73.74,79.20,21519981,825904320.00
2015/05/26,79.60,84.00,79.60,83.98,19304059,779796992.00
2015/05/27,84.36,91.00,81.04,89.66,24006874,1022630400.00
2015/05/28,88.82,96.50,84.50,85.38,29041112,1322681728.00
2015/05/29,84.06,87.48,78.40,82.08,19327678,792343296.00
2015/06/01,82.60,84.74,80.20,84.68,14530445,595051840.00
2015/06/02,84.70,87.00,81.32,86.30,16331121,678484736.00
2015/06/03,86.46,86.46,82.60,82.98,11456239,475871040.00
2015/06/04,83.20,83.88,75.00,79.52,14353256,558223040.00
2015/06/05,80.20,82.44,78.28,80.14,11055019,439724672.00
2015/06/08,80.28,82.28,78.80,80.66,10769846,428751200.00
2015/06/09,80.78,82.00,80.10,81.38,9262533,370945632.00
2015/06/10,81.20,84.40,78.76,83.38,12458851,503809344.00
2015/06/11,83.38,85.34,82.60,84.88,13696932,569932928.00
2015/06/12,84.88,85.20,82.00,82.66,10834381,445076448.00
2015/06/15,82.20,82.20,77.78,77.90,12604401,492921312.00
2015/06/16,77.00,77.00,72.90,72.96,9566091,351755136.00
2015/06/17,72.60,74.56,70.52,74.36,7503935,269155264.00
2015/06/18,73.20,75.16,69.70,69.78,6617189,237314400.00
2015/06/19,68.60,68.60,62.90,62.90,8866503,285602112.00
2015/06/23,62.90,63.98,58.10,63.70,8648318,263181024.00
2015/06/24,65.00,66.72,63.82,65.90,9845794,317428096.00
2015/06/25,65.90,66.50,61.00,62.04,7283336,229736208.00
2015/06/26,60.76,60.76,55.94,56.38,10119407,288052992.00
2015/06/29,58.98,58.98,50.84,53.10,11967593,321754976.00
2015/06/30,53.18,58.32,51.18,58.32,11376194,305980000.00
2015/07/01,59.00,61.16,56.54,56.60,12502313,365264608.00
2015/07/02,57.60,58.76,55.00,56.70,10495883,294292096.00
2015/07/03,55.98,60.00,51.92,56.86,11566643,319106048.00
2015/07/06,62.40,62.44,52.60,59.92,16710810,485578016.00
2015/07/07,58.12,59.56,54.02,54.04,13456226,368455168.00
2015/07/08,48.74,53.98,48.74,51.26,24823593,617768640.00
2015/07/09,51.26,56.28,51.26,56.28,8573961,231672720.00
2015/07/10,59.04,61.80,59.02,61.80,13450689,405735712.00
2015/07/13,63.00,67.88,61.10,67.88,21067669,674880704.00
2015/07/14,66.00,68.44,63.60,63.98,17932603,578883200.00
2015/07/15,62.20,62.98,57.68,57.68,11144848,328727872.00
2015/07/16,57.68,61.04,55.36,59.78,7678614,223466448.00
2015/07/17,59.90,63.90,59.90,63.32,6949484,213421056.00
2015/07/20,63.80,64.70,60.76,62.32,9184406,284166144.00
2015/07/21,61.02,63.30,60.36,62.96,5501879,168169040.00
2015/07/22,62.70,64.30,61.98,63.96,7947168,247341584.00
2015/07/23,64.20,66.96,63.52,66.00,11608815,373769504.00
2015/07/24,66.94,66.94,62.82,63.04,11645110,372238720.00
2015/07/27,62.66,65.18,57.72,57.94,11509377,353608064.00
2015/07/28,56.80,62.00,55.04,61.00,12151763,353670816.00
2015/07/29,61.78,66.96,61.78,66.84,11955697,376296160.00
2015/08/06,65.00,66.00,61.00,62.34,7374500,230590576.00
2015/08/07,62.30,63.92,62.30,62.98,5623224,173935344.00
2015/08/10,63.30,65.94,62.40,65.22,9042903,287310656.00
2015/08/11,65.20,66.44,64.00,66.38,9050026,290388320.00
2015/08/12,65.96,65.96,63.60,63.90,6002795,191943888.00
2015/08/13,63.06,64.38,62.14,64.10,4488326,140162560.00
2015/08/14,64.50,64.90,62.52,62.62,6517293,203355632.00
2015/08/17,62.16,62.20,61.00,61.84,5037032,152794432.00
2015/08/18,61.98,63.38,55.78,56.76,6653733,198519504.00
2015/08/19,56.08,60.32,55.00,60.14,6363758,180306992.00
2015/08/20,59.86,59.86,56.90,56.98,3512799,101156504.00
2015/08/21,56.34,57.78,53.60,54.28,4336084,118457488.00
2015/08/24,52.00,52.00,48.96,48.96,4157100,100693968.00
2015/08/25,44.16,45.88,44.16,44.16,4714159,102254808.00
2015/08/26,44.16,46.00,41.00,41.08,7247857,153448656.00
2015/08/27,42.36,44.96,40.20,42.86,4570898,94600784.00
2015/08/28,43.88,45.80,42.42,45.36,7738283,165764512.00
2015/08/31,44.64,44.76,42.40,42.58,4163063,88347488.00
2015/09/01,42.00,42.00,38.60,38.74,4629808,90149408.00
2015/09/02,37.12,40.36,36.84,40.34,5840843,110642784.00
2015/09/07,40.60,41.96,40.60,40.68,3862432,77871040.00
2015/09/08,40.76,42.40,39.02,42.16,4067781,81362888.00
2015/09/09,40.76,44.44,40.76,43.48,11887614,249279024.00
2015/09/10,42.20,42.74,41.00,41.42,6667214,136789200.00
2015/09/11,41.54,41.96,40.22,41.04,4238997,84849080.00
2015/09/14,41.40,41.84,37.04,37.04,5488438,103226672.00
2015/09/15,36.00,36.70,33.78,34.06,5331045,91504984.00
2015/09/16,35.00,37.36,34.20,37.04,7044789,121397088.00
2015/09/17,36.58,37.38,35.60,35.80,6277114,111682688.00
2015/09/18,35.80,36.54,35.48,36.02,3051539,53235872.00
2015/09/21,35.50,37.32,35.04,37.22,4956394,88634336.00
2015/09/22,37.62,38.20,37.06,37.44,4996416,91452480.00
2015/09/23,36.98,37.18,36.20,36.68,3836568,68579792.00
2015/09/24,36.76,37.80,36.76,37.62,4795920,87352544.00
2015/09/25,37.54,37.54,36.22,36.48,3578669,63984240.00
2015/09/28,36.58,36.96,35.80,36.94,2353784,41835968.00
2015/09/29,36.58,36.60,36.12,36.42,2114089,37389128.00
2015/09/30,36.44,36.92,36.44,36.56,1535630,27389376.00
2015/10/08,37.70,38.88,37.30,38.50,8096914,149918016.00
2015/10/09,38.60,38.92,38.10,38.70,6020178,112997800.00
2015/10/12,38.74,41.20,38.74,40.84,10605842,207403504.00
2015/10/13,40.22,41.18,40.02,41.08,6538444,129825888.00
2015/10/14,40.96,41.06,40.04,40.32,7076458,140068016.00
2015/10/15,40.00,42.08,39.66,41.94,8986689,180543744.00
2015/10/16,42.26,42.46,41.10,42.16,8756292,178631632.00
2015/10/19,42.30,42.46,41.08,41.34,7803564,158446368.00
2015/10/20,41.36,42.20,41.06,42.14,8460448,172141136.00
2015/10/21,42.18,42.18,38.90,39.20,11131517,220820880.00
2015/10/22,39.36,40.18,38.82,40.08,7042213,136020000.00
2015/10/23,40.40,41.80,39.86,41.40,8394777,166419056.00
2015/10/26,42.00,42.32,41.34,41.90,9760546,199349296.00
2015/10/27,41.40,42.36,39.96,42.30,8489483,171012496.00
2015/10/28,42.20,44.22,41.64,42.84,14154910,300396608.00
2015/10/29,43.00,44.18,42.60,43.22,8806951,186654848.00
2015/10/30,43.10,43.10,41.66,42.48,6370410,132260016.00
2015/11/02,41.54,43.70,40.88,41.70,7469524,154526592.00
2015/11/03,41.68,44.34,41.58,43.68,13249069,279168896.00
2015/11/04,44.32,45.88,43.66,45.82,18774045,409718208.00
2015/11/05,45.52,46.00,44.62,45.36,14953118,331853536.00
2015/11/06,45.22,47.00,45.22,46.60,11837606,268626752.00
2015/11/09,46.36,47.72,45.82,47.44,12096368,277686240.00
2015/11/10,46.92,47.32,46.24,46.76,8844702,202715440.00
2015/11/11,46.78,47.72,46.20,47.66,10492705,241822336.00
2015/11/12,47.90,50.88,47.62,50.16,16826604,402890432.00
2015/11/13,49.14,49.54,47.26,47.56,11634815,275783040.00
2015/11/16,46.00,47.58,45.80,47.54,6402617,146632992.00
2015/11/17,48.16,48.90,46.82,46.88,8333307,195500240.00
2015/11/18,46.64,47.04,45.48,45.60,5318953,120737344.00
2015/11/19,45.70,46.98,45.70,46.96,5167401,117171008.00
2015/11/20,47.20,48.40,47.00,47.74,6184598,144721584.00
2015/11/23,47.80,49.18,47.44,47.82,7666075,181357088.00
2015/11/24,47.54,48.36,47.06,48.30,5802176,135188080.00
2015/11/25,48.32,48.38,47.66,48.30,11794715,276868096.00
2015/11/26,48.16,50.00,48.02,49.10,17938418,432158912.00
2015/11/27,48.40,48.74,44.30,44.60,18550700,420651552.00
2015/11/30,44.60,44.96,42.04,43.80,10735564,228425728.00
2015/12/01,43.44,44.48,43.32,43.88,6985157,150109056.00
2015/12/02,43.62,44.00,42.20,43.48,6412056,134826528.00
2015/12/03,43.72,44.66,43.50,44.52,5251539,113308240.00
2015/12/04,44.36,45.20,43.94,44.14,6368188,138530576.00
2015/12/07,44.26,44.56,43.80,44.34,4518678,97608800.00
2015/12/08,44.02,44.08,42.62,42.90,6381608,135072672.00
2015/12/09,42.90,43.26,42.56,42.96,4109571,85956208.00
2015/12/10,42.82,43.34,42.44,42.76,4290250,89924944.00
2015/12/11,42.84,43.12,42.24,42.58,3360841,69843696.00
2015/12/14,42.02,43.74,41.96,43.64,4785180,100443040.00
2015/12/15,43.76,44.30,43.14,43.62,4718695,100742960.00
2015/12/16,43.72,44.26,43.60,43.80,4790464,102911056.00
2015/12/17,43.92,45.00,43.88,44.88,8441866,183694784.00
2015/12/18,44.86,45.40,44.40,44.62,6841752,150012528.00
2015/12/21,44.50,46.00,44.50,45.76,8198184,182236032.00
2015/12/22,45.80,46.24,45.34,46.22,6761524,151505280.00
2015/12/23,46.16,46.50,45.14,45.20,6645543,149215312.00
2015/12/24,45.20,45.60,44.16,45.04,5478630,120071560.00
2015/12/25,44.96,45.56,44.96,45.48,4466650,98844200.00
2015/12/28,45.60,46.40,44.54,44.62,7531091,168090832.00
2015/12/29,44.66,45.50,44.40,45.46,3908765,85615768.00
2015/12/30,45.50,46.68,45.50,46.60,10091060,228256592.00
2015/12/31,46.50,46.50,45.50,45.76,5628365,126494480.00
2016/01/04,45.72,45.72,41.28,41.28,5785403,123207136.00
2016/01/05,39.76,42.02,39.02,40.96,6882349,136226496.00
2016/01/06,40.98,41.80,40.92,41.76,6136518,123537768.00
2016/01/07,41.00,41.00,37.68,37.68,1584089,30186508.00
2016/01/08,39.40,39.60,36.62,38.82,6213835,116494216.00
2016/01/11,37.82,38.50,35.80,36.00,5154271,93690704.00
2016/01/12,36.18,36.82,35.02,36.30,3379438,59433656.00
2016/01/13,36.82,36.96,35.04,35.18,3362821,59162972.00
2016/01/14,34.30,36.44,34.26,36.34,3845091,66269744.00
2016/01/15,36.20,36.46,34.80,35.14,3528942,61098240.00
2016/01/18,35.00,36.10,34.30,35.84,3683161,63635596.00
2016/01/19,35.42,37.16,35.42,37.12,4972129,88192760.00
2016/01/20,36.80,37.28,36.28,36.46,3883308,69399232.00
2016/01/21,36.00,36.78,35.00,35.08,3721002,65040408.00
2016/01/22,35.44,35.94,34.76,35.56,2718181,46675092.00
2016/01/25,36.00,36.48,35.60,36.02,2460762,43122176.00
2016/01/26,35.60,35.60,33.02,33.16,4891800,81721656.00
2016/01/27,33.18,33.58,31.30,32.58,4676004,73509880.00
2016/01/28,32.20,32.84,31.22,31.32,2461571,38309012.00
2016/01/29,31.32,32.64,31.30,32.16,4253002,66238088.00
2016/02/01,32.38,32.48,31.28,31.78,2810693,43404112.00
2016/02/02,31.80,32.92,31.40,32.80,4758262,74995488.00
2016/02/03,32.20,32.72,31.80,32.52,5006334,77974056.00
2016/02/04,32.46,33.20,32.46,33.10,5388356,86069672.00
2016/02/05,32.92,33.16,32.76,32.84,4758511,76018080.00
2016/02/15,31.68,32.54,31.52,32.30,2712476,42036272.00
2016/02/16,32.38,33.96,32.32,33.68,6258464,100818680.00
2016/02/17,33.40,33.86,33.22,33.74,5716191,92847472.00
2016/02/18,33.92,34.38,33.70,33.80,7651692,126356488.00
2016/02/19,33.64,34.60,33.52,34.50,7302201,120652168.00
2016/04/29,35.00,36.96,34.70,35.72,13697819,239710864.00
2016/05/03,35.20,35.96,34.60,35.94,9722035,167450240.00
2016/05/04,35.62,35.80,35.22,35.54,6661694,114937928.00
2016/05/05,35.32,35.52,34.82,35.40,5429251,92743832.00
2016/05/06,35.20,35.54,33.72,33.74,7003808,117794440.00
2016/05/09,33.84,33.86,32.28,32.62,5508983,87778200.00
2016/05/10,32.30,32.76,32.30,32.50,2853888,45004416.00
2016/05/11,32.84,32.90,32.06,32.46,3094804,48808340.00
2016/05/12,32.00,33.38,31.40,33.36,4563882,71581320.00
2016/05/13,33.30,36.34,33.10,35.76,11473041,193287488.00
2016/05/16,36.00,36.70,34.84,36.38,14271910,249570000.00
2016/05/17,36.00,36.76,35.52,35.80,10573418,185339808.00
2016/05/18,35.48,35.48,34.30,35.10,7539257,127952232.00
2016/05/19,35.00,35.94,34.96,35.28,7496088,129383840.00
2016/05/20,34.74,35.94,34.50,35.88,6891629,118611272.00
2016/05/23,36.02,36.42,35.64,36.14,8044942,140921184.00
2016/05/24,36.00,36.08,34.90,35.22,5404077,92986560.00
2016/05/25,35.56,35.92,34.84,34.92,4592030,78932760.00
2016/05/26,34.84,35.20,33.76,34.80,5341261,89172888.00
2016/05/27,34.84,35.06,34.22,34.60,4383954,73659064.00
2016/05/30,34.40,34.40,33.72,33.92,3465201,57272276.00
2016/05/31,34.16,36.16,34.10,36.12,8376875,143803840.00
2016/06/01,36.20,36.50,35.90,36.04,8206443,144159072.00
2016/06/02,36.10,38.20,35.80,37.92,14332259,259551088.00
2016/06/03,37.72,38.00,37.22,37.76,9473677,173503216.00
2016/06/06,37.78,37.98,37.28,37.62,6786384,123980584.00
2016/06/07,37.60,37.60,36.64,37.26,7342455,128532744.00
2016/06/08,37.08,37.52,36.64,37.26,7565224,133119608.00
2016/06/13,36.70,36.78,35.20,35.26,7251684,124121552.00
2016/06/14,35.10,35.50,34.50,34.82,4268375,70020664.00
2016/06/15,34.48,36.46,34.48,36.26,6492009,109607232.00
2016/06/16,36.24,36.42,35.84,36.16,4409070,75244120.00
2016/06/17,36.16,37.12,36.12,36.50,5618378,97479856.00
2016/06/20,36.70,36.78,35.98,36.48,3542750,60831364.00
2016/06/21,36.82,37.96,36.60,37.72,11111683,196012768.00
2016/06/22,37.78,37.78,37.02,37.74,7189800,127457888.00
2016/06/23,37.78,38.28,37.26,37.40,7253454,129483648.00
2016/06/24,37.32,37.76,35.60,36.28,7345568,127271984.00
2016/06/27,36.20,37.26,36.02,37.18,5049329,88018896.00
2016/06/28,36.94,37.58,36.86,37.54,5509668,97272712.00
2016/06/29,37.60,38.22,37.30,37.36,6490386,115988096.00
2016/06/30,37.48,38.14,37.38,37.92,6382953,114384376.00
2016/07/01,37.84,38.08,37.42,37.68,4146408,73961912.00
2016/07/04,37.50,39.34,37.42,38.94,13956522,256556208.00
2016/07/05,38.76,38.92,38.40,38.70,8073861,147872464.00
2016/07/06,38.60,39.14,38.38,38.98,6507131,119745832.00
2016/07/07,38.90,38.92,38.06,38.58,5881891,107501696.00
2016/07/08,38.56,38.76,38.14,38.50,4064483,74052056.00
2016/07/11,38.52,39.20,38.26,38.34,7248092,133672120.00
2016/07/12,38.24,38.90,37.72,38.82,7096414,128872544.00
2016/07/13,38.90,39.68,38.58,39.48,10351375,192958240.00
2016/07/14,39.20,41.94,39.20,41.86,23394343,457193536.00
2016/07/15,42.06,43.86,42.06,42.58,28727728,588791232.00
2016/07/18,41.32,42.20,40.02,40.66,21368629,413898688.00
2016/07/19,40.64,44.52,40.46,44.52,24876827,508418144.00
2016/07/20,43.58,45.80,43.16,44.78,25776137,544137344.00
2016/07/21,44.78,45.10,43.56,43.82,14162033,298640160.00
2016/07/22,43.62,43.64,42.30,42.70,10061166,206060288.00
2016/07/25,42.80,43.70,42.22,43.60,11230088,230516736.00
2016/07/26,43.32,43.56,42.74,43.32,8208863,168957680.00
2016/07/27,43.36,43.74,40.00,41.32,13235683,265978592.00
2016/07/28,41.36,43.60,40.98,43.42,14523412,291008096.00
2016/07/29,43.80,44.76,43.00,43.06,18821472,394788224.00
2016/08/01,42.80,42.84,40.80,41.26,10377237,205440304.00
2016/08/02,41.06,41.78,40.32,41.68,6375965,124932288.00
2016/08/03,41.38,41.62,40.72,40.96,6850192,133725760.00
2016/08/04,40.96,41.70,40.86,41.34,5575267,109830704.00
2016/08/05,41.32,42.10,41.10,41.66,6354588,126077504.00
2016/08/08,41.74,41.94,40.90,41.84,5736664,112872544.00
2016/08/09,41.78,43.10,41.26,42.84,10451240,211046384.00
2016/08/10,42.90,43.08,42.10,42.20,8785156,177582352.00
2016/08/11,42.34,42.34,40.54,40.56,10189607,199423056.00
2016/08/12,40.38,41.60,40.22,41.30,6808816,132955728.00
2016/08/15,41.26,42.28,40.96,41.98,6789994,134887072.00
2016/08/16,41.96,42.28,41.54,41.80,5400847,107602048.00
2016/08/17,41.96,42.68,41.20,42.50,7524806,150414320.00
2016/08/18,42.40,43.06,41.50,41.56,7785305,156582496.00
2016/08/19,41.46,41.60,40.70,40.88,6946170,135211872.00
2016/08/22,40.70,41.14,40.64,40.78,3118994,60597704.00
2016/08/23,40.94,41.08,40.46,40.72,3283323,63609004.00
2016/08/24,40.78,40.94,40.46,40.54,3928715,75969416.00
2016/08/25,40.32,40.42,39.86,40.38,4693008,89519768.00
2016/08/26,40.36,40.88,40.30,40.44,4357988,84048528.00
2016/08/29,40.50,40.88,40.42,40.78,2970190,57438872.00
2016/08/30,40.78,41.26,40.70,40.84,3604953,70271408.00
2016/08/31,40.90,41.08,40.48,40.88,2982225,57734736.00
2016/09/01,41.08,41.08,39.94,39.96,5413246,103777104.00
2016/09/02,39.76,39.86,38.60,38.62,8833482,164128448.00
2016/09/05,38.92,39.10,38.64,38.84,3739000,68974752.00
2016/09/06,39.08,39.46,38.40,39.42,3861903,71519640.00
2016/09/07,39.46,39.56,39.26,39.30,2884188,53957760.00
2016/09/08,39.20,39.40,38.80,39.16,3724891,69070824.00
2016/09/09,39.06,39.30,38.46,38.46,4502213,82656784.00
2016/09/12,38.00,38.00,37.28,37.48,5570279,99217800.00
2016/09/13,37.60,37.86,37.40,37.58,2836998,50414952.00
2016/09/14,37.50,37.70,37.00,37.20,3533557,62472960.00
2016/09/19,37.26,37.48,37.22,37.46,2936443,51915600.00
2016/09/20,37.44,38.30,37.34,38.06,5197323,93164488.00
2016/09/21,38.06,38.16,37.62,37.74,3147044,56465676.00
2016/09/22,38.00,38.28,37.92,37.98,3562834,64291168.00
2016/09/23,37.96,38.14,37.66,37.72,2988971,53500864.00
2016/09/26,37.82,37.82,37.00,37.04,3537176,62361608.00
2016/09/27,36.94,37.38,36.90,37.36,2532982,44385584.00
2016/09/28,37.36,37.46,37.04,37.22,1684041,29638096.00
2016/09/29,37.46,37.46,37.00,37.04,2680685,47234808.00
2016/09/30,37.08,37.88,37.00,37.66,2661004,47208808.00
2016/10/10,38.12,38.22,37.76,38.20,3661999,66034896.00
2016/10/11,38.20,38.36,38.00,38.30,3226829,58354216.00
2016/10/12,38.14,38.46,38.02,38.38,3066943,55562660.00
2016/10/13,38.38,39.50,38.24,39.12,6937134,128266720.00
2016/10/14,39.34,39.34,38.54,38.82,3944617,72548272.00
2016/10/17,38.82,38.94,38.08,38.14,3685914,67249904.00
2016/10/18,38.20,38.46,37.88,38.40,6135671,110891352.00
2016/10/19,38.46,38.58,38.00,38.18,3365291,61082340.00
2016/10/20,38.26,38.48,38.14,38.34,3213278,58392996.00
2016/10/21,38.40,39.10,38.26,38.92,7547524,138619216.00
2016/10/24,38.90,39.30,38.68,39.18,4659811,86485056.00
2016/10/25,39.20,39.34,38.90,39.10,3757155,69538192.00
2016/10/26,39.26,39.34,38.78,38.90,3987180,73876808.00
2016/10/27,39.04,39.18,38.82,39.04,2852978,52771296.00
2016/10/28,39.06,39.14,38.16,38.22,6346474,115850592.00
2016/10/31,38.04,38.46,38.00,38.42,3184640,57692488.00
2016/11/01,38.40,38.96,38.40,38.94,4479919,82214432.00
2016/11/02,39.00,39.12,38.74,38.80,3503296,64667224.00
2016/11/03,38.80,39.16,38.64,38.86,4198038,77519728.00
2016/11/04,38.86,39.30,38.80,39.10,4658283,86350016.00
2016/11/07,39.00,39.00,38.64,38.74,4653623,85564944.00
2016/11/08,38.92,39.18,38.70,39.16,5377426,99321800.00
2016/11/09,39.16,40.90,39.00,40.44,20265298,386861120.00
2016/11/10,40.56,41.30,40.20,41.00,17513157,340000928.00
2016/11/11,40.80,41.62,40.60,40.82,15246955,298272128.00
2016/11/14,40.82,41.16,40.44,40.80,8480355,164291456.00
2016/11/15,40.90,40.98,40.26,40.56,6444818,124138936.00
2016/11/16,40.56,40.70,40.36,40.52,6035638,116166880.00
2016/11/17,40.42,40.88,40.30,40.78,5269927,101466048.00
2016/11/18,40.72,41.34,40.52,41.12,10688905,208633040.00
2016/11/21,41.00,41.32,40.62,40.90,7462647,145113008.00
2016/11/22,41.00,41.76,40.78,41.64,9960413,195349568.00
2016/11/23,41.76,41.78,40.60,40.62,8832300,173119040.00
2016/11/24,40.64,40.76,40.14,40.24,6490700,124632712.00
2016/11/25,40.24,40.70,39.92,40.60,4733198,90691336.00
2016/11/28,40.80,41.30,40.68,40.98,7093363,138447328.00
2016/11/29,40.96,41.36,40.78,41.08,7365123,144137728.00
2016/11/30,41.14,41.16,40.10,40.16,5882517,113207648.00
2016/12/01,40.22,40.68,40.14,40.58,4171297,80254512.00
2016/12/02,40.62,40.68,39.30,39.56,5647091,107015272.00
2016/12/05,39.42,39.86,39.12,39.56,3257555,61244056.00
2016/12/06,39.58,39.84,39.52,39.56,2301800,43393016.00
2016/12/07,39.60,39.94,39.36,39.86,2212468,41724624.00
2016/12/08,39.88,40.06,39.58,39.62,2088000,39375560.00
2016/12/09,39.62,39.70,39.28,39.32,2644601,49508832.00
2016/12/12,39.42,39.60,37.16,37.26,7027670,127084872.00
2016/12/13,37.22,37.46,36.94,37.32,4814119,84725872.00
2016/12/14,37.38,37.54,36.98,37.10,3386236,59702704.00
2016/12/15,37.00,37.60,36.98,37.32,2858114,50561960.00
2016/12/16,37.40,37.88,37.24,37.66,2917031,51955696.00
2016/12/19,37.66,37.98,37.38,37.66,2689416,47873748.00
2016/12/20,37.66,37.80,37.52,37.66,2085690,37168776.00
2016/12/21,37.80,37.94,37.66,37.86,2907634,52034864.00
2016/12/22,37.96,37.96,37.42,37.62,2518665,44863508.00
2016/12/23,37.68,37.70,37.26,37.32,1969900,34925256.00
2016/12/26,37.20,37.96,37.00,37.92,3034914,53856532.00
2016/12/27,37.86,37.90,37.62,37.70,1817093,32489624.00
2016/12/28,37.70,37.86,37.62,37.84,1466729,26196862.00
2016/12/29,37.76,37.84,37.48,37.60,1571945,28011688.00
2016/12/30,37.60,37.86,37.54,37.72,1925197,34364032.00
2017/01/03,37.72,38.46,37.58,38.30,3505669,63488908.00
2017/01/04,38.18,38.68,38.08,38.64,3578993,65198884.00
2017/01/05,38.62,38.90,38.36,38.40,3145046,57586220.00
2017/01/06,38.32,38.48,38.08,38.24,2389909,43289560.00
2017/01/09,38.22,38.58,38.18,38.56,2407325,43809828.00
2017/01/10,38.66,38.66,38.18,38.22,1615234,29367062.00
2017/01/11,38.20,38.56,38.16,38.24,2266984,41184248.00
2017/01/12,38.26,38.84,38.08,38.48,3215764,58726888.00
2017/01/13,38.44,38.48,37.02,37.30,4980985,88799008.00
2017/01/16,37.22,37.48,34.90,35.86,5321247,91377840.00
2017/01/17,35.88,36.22,35.34,36.16,2943101,49817952.00
2017/01/18,36.02,36.40,35.86,36.20,2331747,39853300.00
2017/01/19,36.02,36.40,36.02,36.16,1196751,20479124.00
2017/01/20,36.02,36.70,36.02,36.56,2263121,39037696.00
2017/01/23,36.56,37.06,36.56,36.90,2488310,43388528.00
2017/01/24,36.94,37.04,36.70,36.98,1771175,30845544.00
2017/01/25,36.90,37.28,36.84,37.02,1857402,32551456.00
2017/01/26,37.16,37.52,37.02,37.36,2161453,38185340.00
2017/02/03,37.38,37.40,36.72,36.74,2396192,41873932.00
2017/02/06,36.82,38.10,36.82,38.04,3912222,69731808.00
2017/02/07,37.88,38.52,37.68,38.12,3900964,70433784.00
2017/02/08,38.12,38.34,37.88,38.30,3022748,54567764.00
2017/02/09,38.28,38.44,38.12,38.24,3734465,67717208.00
2017/02/10,38.32,38.72,38.12,38.22,4513320,82052368.00
2017/02/13,38.32,39.52,38.10,39.22,7477677,138044144.00
2017/02/14,39.40,39.98,39.02,39.30,8871217,166359536.00
2017/02/15,39.12,39.44,38.42,38.54,5254800,96969904.00
2017/02/16,38.64,39.16,38.58,39.10,4487436,82935080.00
2017/02/17,38.96,39.36,38.72,38.80,4578355,84728536.00
2017/02/20,38.82,39.24,38.70,39.20,4141364,76529744.00
2017/02/21,39.24,39.82,39.06,39.48,5249539,98355824.00
2017/02/22,39.46,39.78,39.26,39.54,3424311,64149660.00
2017/02/23,39.60,39.66,38.62,38.90,5609080,103770000.00
2017/02/24,38.88,39.24,38.74,39.08,3609033,66733964.00
2017/02/27,39.16,39.46,38.60,38.70,5320029,98287568.00
2017/02/28,38.72,38.94,38.24,38.78,4034597,73840936.00
2017/03/01,38.84,39.44,38.68,39.14,6001671,111571320.00
2017/03/02,39.14,40.20,39.14,39.66,9937373,187288192.00
2017/03/03,39.40,39.54,39.16,39.44,4902829,91616072.00
2017/03/06,39.44,39.88,39.36,39.62,4757270,89586120.00
2017/03/07,39.76,39.76,38.94,39.32,5741757,106915360.00
2017/03/08,39.34,39.34,38.70,38.86,4601808,85079088.00
2017/03/09,38.72,38.92,38.60,38.82,3325671,61051952.00
2017/03/10,38.74,38.90,38.66,38.74,2205043,40520880.00
2017/03/13,38.70,39.12,38.52,39.02,3743132,69106800.00
2017/03/14,39.14,39.26,38.78,38.80,2934636,54309148.00
2017/03/15,38.82,39.02,38.62,38.84,3011452,55386396.00
2017/03/16,39.00,39.68,38.94,39.64,6292239,117589680.00
2017/03/17,39.64,39.88,38.82,38.92,6593537,123269024.00
2017/03/20,38.90,39.26,38.86,39.20,3657995,67780880.00
2017/03/21,39.22,39.50,39.04,39.40,4325079,80597344.00
2017/03/22,39.20,39.36,38.78,38.92,3506558,64901412.00
2017/03/23,38.92,39.10,38.36,38.66,4351932,79957232.00
2017/03/24,38.62,39.20,38.56,39.16,3703584,68290328.00
2017/03/27,39.10,39.58,39.02,39.28,4426545,82454240.00
2017/03/28,39.00,39.20,38.70,39.10,3866335,71312080.00
2017/03/29,39.06,39.26,38.70,38.72,3266825,60308924.00
2017/03/30,38.48,38.98,38.24,38.34,5074473,92611568.00
2017/03/31,38.32,38.68,38.26,38.40,2498987,45505680.00
2017/04/05,38.50,39.14,38.46,39.02,5080268,93582840.00
2017/04/06,39.04,39.12,38.74,38.88,3804745,70088352.00
2017/04/07,38.82,38.82,38.50,38.72,4466235,81854456.00
2017/04/10,38.74,39.72,38.54,39.64,8245194,153169424.00
2017/04/11,39.52,40.16,39.16,39.92,8934685,168101088.00
2017/04/12,39.96,40.04,39.10,39.16,5958784,111870224.00
2017/04/13,39.22,40.96,39.10,40.60,14789588,284197024.00
2017/04/14,40.58,40.70,40.00,40.34,7442172,142420320.00
2017/04/17,40.30,40.46,39.32,39.68,6591962,124486488.00
2017/04/18,39.74,40.10,39.24,39.38,4753646,89629440.00
2017/04/19,39.14,39.16,37.64,38.04,8753437,158809952.00
2017/04/20,37.94,38.24,37.18,37.78,5961114,106090344.00
2017/04/21,37.80,38.20,37.60,37.74,4232955,76018616.00
2017/04/24,37.60,37.90,36.66,36.88,4047104,71483696.00
2017/04/25,36.92,37.44,36.50,36.56,5321333,93024560.00
2017/04/26,36.56,36.84,36.50,36.64,3701144,64099264.00
2017/04/27,36.84,37.48,36.68,37.34,5812777,102162592.00
2017/04/28,37.36,37.58,37.02,37.36,2956955,52087632.00
2017/05/02,37.30,37.70,37.22,37.46,3272126,58061624.00
2017/05/03,37.32,37.64,37.04,37.48,2524161,44588336.00
2017/05/04,37.44,37.70,37.12,37.26,2761194,49010572.00
2017/05/05,37.20,37.60,36.92,37.12,2698170,47543120.00
2017/05/08,37.06,37.16,36.54,36.56,2701800,46968916.00
2017/05/09,36.52,37.02,36.40,37.00,3426294,59462472.00
2017/05/10,36.98,37.12,35.88,35.92,3219825,55750192.00
2017/05/11,35.88,36.22,35.12,36.14,4350452,73298568.00
2017/05/12,36.14,36.18,35.64,35.94,2287894,38800616.00
2017/05/15,35.82,36.38,35.80,35.92,2435782,41498392.00
2017/05/16,35.92,36.64,35.46,36.62,3736634,63432892.00
2017/05/17,36.52,36.64,36.34,36.52,3097714,53394200.00
2017/05/18,36.26,36.54,36.16,36.34,2193688,37713216.00
2017/05/19,36.46,36.60,36.14,36.26,1925321,33122292.00
2017/05/22,36.22,36.46,35.52,35.70,2980120,50655864.00
2017/05/23,35.50,35.80,35.02,35.08,2850817,47614400.00
2017/05/24,35.00,35.60,34.84,35.52,2263563,37595976.00
2017/05/25,35.52,35.94,35.14,35.78,2538500,42633388.00
2017/05/26,35.78,36.02,35.68,35.78,1694900,28678532.00
2017/05/31,36.04,36.32,35.84,35.88,2511046,42780160.00
2017/06/01,36.00,36.20,35.68,35.72,2720509,46212280.00
2017/06/02,35.74,36.34,35.34,36.18,2895800,49042220.00
2017/06/05,36.30,36.64,36.14,36.38,2347624,40396900.00
2017/06/06,36.48,36.60,36.22,36.58,1514451,26065942.00
2017/06/07,36.64,37.24,36.52,37.14,3940782,68906976.00
2017/06/08,37.50,37.50,36.84,36.90,2873158,48902680.00
2017/06/09,36.92,37.14,36.76,36.96,2119182,35945332.00
2017/06/12,36.78,36.90,36.40,36.44,2544941,42783968.00
2017/06/13,36.46,36.94,36.46,36.82,2088458,35267880.00
2017/06/14,36.82,37.12,36.66,36.88,1816054,30757104.00
2017/06/15,36.78,37.36,36.78,37.24,2669035,45602052.00
2017/06/16,37.32,37.32,36.98,37.06,1672387,28509620.00
2017/06/19,36.98,37.28,36.92,37.26,2086039,35601156.00
2017/06/20,37.30,37.34,37.06,37.10,1918376,32839878.00
2017/06/21,37.12,37.24,36.86,37.04,2077702,35338016.00
2017/06/22,37.04,37.10,36.42,36.44,3543683,59953772.00
2017/06/23,36.46,36.86,36.16,36.60,2464216,41292052.00
2017/06/26,36.66,37.48,36.50,37.38,4329611,74064536.00
2017/06/27,37.40,37.50,37.24,37.32,3016941,51880136.00
2017/06/28,37.44,37.56,37.20,37.38,3248159,55871196.00
2017/06/29,37.40,37.74,37.32,37.52,2541141,43849408.00
2017/06/30,37.44,38.08,37.30,37.88,4231486,73478712.00
2017/07/03,37.90,38.32,37.84,38.20,3974850,69845504.00
2017/07/04,38.18,38.18,37.66,37.82,2764463,48244372.00
2017/07/05,37.80,38.30,37.66,38.28,3084734,54100264.00
2017/07/06,38.16,38.34,37.82,37.96,3129163,54810040.00
2017/07/07,37.98,38.46,37.88,38.38,2839178,49976744.00
2017/07/10,38.28,38.78,38.20,38.50,4069309,72320152.00
2017/07/11,38.54,38.54,37.84,37.94,3248339,57219880.00
2017/07/12,37.98,38.20,37.52,38.00,3391400,58986900.00
2017/07/13,37.86,38.34,37.86,38.16,3001426,52729980.00
2017/07/14,38.02,38.20,37.84,38.02,2650838,46401096.00
2017/07/17,38.02,38.02,35.44,37.46,6177144,105998536.00
2017/07/18,37.16,37.70,37.06,37.68,2886048,49872496.00
2017/07/19,37.52,38.26,37.52,38.22,4153477,72797768.00
2017/07/20,38.22,39.36,38.08,38.74,10331833,184431312.00
2017/07/21,38.60,39.12,38.40,39.08,6583590,117587056.00
2017/07/24,39.00,39.92,38.76,39.64,12235411,223221744.00
2017/07/25,39.60,39.72,38.78,39.08,8274608,149618864.00
2017/07/26,39.02,39.54,38.70,39.42,7554277,136278448.00
2017/07/27,39.44,39.90,39.06,39.20,9175586,167177568.00
2017/07/28,39.02,39.58,38.80,39.40,6499894,117760560.00
2017/07/31,39.64,40.44,39.20,40.22,13754009,254618240.00
2017/08/01,40.30,41.70,40.24,41.02,23556035,449147776.00
2017/08/02,40.72,41.20,40.08,40.14,12058608,227003968.00
2017/08/03,40.52,41.54,40.42,41.36,15922832,302675680.00
2017/08/04,41.30,42.58,40.90,41.34,19806283,382421216.00
2017/08/07,41.20,41.36,40.28,41.10,9610305,181502656.00
2017/08/08,41.04,41.94,40.36,40.44,19553748,373543616.00
2017/08/09,40.00,40.44,39.44,39.88,15280457,281126976.00
2017/08/10,39.70,40.00,39.12,39.52,10194625,186319280.00
2017/08/11,39.32,39.56,38.58,38.60,9843751,177813824.00
2017/08/14,38.40,39.32,38.38,39.30,5316900,95839160.00
2017/08/15,39.32,39.68,38.84,39.34,6973201,126525440.00
2017/08/16,39.20,39.40,38.86,39.28,5619700,101480544.00
2017/08/17,39.30,39.88,39.16,39.74,8106812,148189328.00
2017/08/18,39.40,39.76,39.32,39.48,5024688,91714456.00
2017/08/21,39.56,39.80,39.40,39.74,4125341,75581912.00
2017/08/22,39.78,39.86,39.06,39.30,4195930,76321328.00
2017/08/23,39.02,39.36,38.66,38.80,6409071,115030208.00
2017/08/24,37.80,37.80,36.64,37.40,17777503,303881408.00
2017/08/25,37.30,37.84,37.20,37.70,7433578,128782288.00
2017/08/28,37.72,38.22,37.54,37.86,6349106,110528432.00
2017/08/29,37.88,38.06,37.78,37.92,3890311,67979296.00
2017/08/30,37.90,38.22,37.78,37.90,3967222,69376624.00
2017/08/31,38.20,40.26,37.92,40.14,19158576,346230880.00
2017/09/01,40.70,41.82,40.26,41.32,33424181,636056960.00
2017/09/04,41.40,43.60,41.40,41.84,29795563,586584128.00
2017/09/05,42.16,42.60,41.22,41.64,10782226,208980304.00
2017/09/06,41.52,42.70,41.52,42.16,17744857,345928320.00
2017/09/07,42.00,42.16,40.56,40.78,14964235,285657344.00
2017/09/08,41.06,41.34,40.62,41.08,9293632,176633696.00
2017/09/11,41.08,41.38,40.80,41.10,7044881,134007832.00
2017/09/12,41.26,42.34,40.90,41.16,9806141,189799072.00
2017/09/13,41.04,41.70,40.22,41.66,7858994,148865872.00
2017/09/14,41.58,41.88,40.70,41.00,7969648,152523520.00
2017/09/15,41.08,41.08,40.30,40.62,6352628,119105304.00
2017/09/18,40.54,40.78,40.40,40.76,3051137,57386672.00
2017/09/19,40.76,40.86,39.96,40.04,5716973,106938728.00
2017/09/20,40.14,40.64,40.08,40.56,4730917,88315488.00
2017/09/21,40.56,40.56,40.56,40.56,0,0.00
数据来源:通达信
